80
-5.0 0.038461538461538464
-4.875 0.04037854889589906
-4.75 0.042440318302387266
-4.625 0.044661549197487785
-4.5 0.047058823529411764
-4.375 0.04965089216446858
-4.25 0.05245901639344262
-4.125 0.055507372072853424
-4.0 0.058823529411764705
-3.875 0.0624390243902439
-3.75 0.06639004149377593
-3.625 0.0707182320441989
-3.5 0.07547169811320754
-3.375 0.0807061790668348
-3.25 0.08648648648648649
-3.125 0.09288824383164006
-3.0 0.1
-2.875 0.10792580101180438
-2.75 0.11678832116788321
-2.625 0.12673267326732673
-2.5 0.13793103448275862
-2.375 0.15058823529411763
-2.25 0.16494845360824742
-2.125 0.1813031161473088
-2.0 0.2
-1.875 0.22145328719723184
-1.75 0.24615384615384617
-1.625 0.27467811158798283
-1.5 0.3076923076923077
-1.375 0.34594594594594597
-1.25 0.3902439024390244
-1.125 0.4413793103448276
-1.0 0.5
-0.875 0.5663716814159292
-0.75 0.64
-0.625 0.7191011235955056
-0.5 0.8
-0.375 0.8767123287671232
-0.25 0.9411764705882353
-0.125 0.9846153846153847
0.0 1.0
0.125 0.9846153846153847
0.25 0.9411764705882353
0.375 0.8767123287671232
0.5 0.8
0.625 0.7191011235955056
0.75 0.64
0.875 0.5663716814159292
1.0 0.5
1.125 0.4413793103448276
1.25 0.3902439024390244
1.375 0.34594594594594597
1.5 0.3076923076923077
1.625 0.27467811158798283
1.75 0.24615384615384617
1.875 0.22145328719723184
2.0 0.2
2.125 0.1813031161473088
2.25 0.16494845360824742
2.375 0.15058823529411763
2.5 0.13793103448275862
2.625 0.12673267326732673
2.75 0.11678832116788321
2.875 0.10792580101180438
3.0 0.1
3.125 0.09288824383164006
3.25 0.08648648648648649
3.375 0.0807061790668348
3.5 0.07547169811320754
3.625 0.0707182320441989
3.75 0.06639004149377593
3.875 0.0624390243902439
4.0 0.058823529411764705
4.125 0.055507372072853424
4.25 0.05245901639344262
4.375 0.04965089216446858
4.5 0.047058823529411764
4.625 0.044661549197487785
4.75 0.042440318302387266
4.875 0.04037854889589906
5.0 0.038461538461538464
0.75
1.75
2.75
3.75
4.75
